time,x,y,z
0.0000,-1.5000,0.0000,0.0000
10.0000,-1.4948,-0.0288,0.0363
20.0000,-1.4770,0.0195,0.0410
30.0000,-1.4566,0.0584,-0.1721
40.0000,-1.3600,-0.0207,-0.2501
50.0000,-1.4292,-0.0811,-0.2453
60.0000,-1.3608,-0.1025,-0.2518
70.0000,-1.3532,-0.1019,-0.2396
80.0000,-1.3563,-0.0992,-0.2525
90.0000,-1.1753,-0.0916,-0.2498
100.0000,-1.0610,-0.0993,-0.2507
110.0000,-0.8912,-0.0472,-0.2598
120.0000,-0.5005,-0.0440,-0.2548
130.0000,-0.1419,-0.0351,-0.2533
140.0000,0.1172,-0.0801,-0.2411
150.0000,0.4413,-0.0504,-0.2361
160.0000,0.6633,-0.0045,-0.1992
170.0000,0.8498,-0.0099,-0.2558
180.0000,1.0162,-0.0086,-0.2577
190.0000,1.0495,-0.0852,-0.2454
200.0000,0.9644,-0.0312,-0.2514
210.0000,0.9965,-0.0692,-0.2528
220.0000,0.9039,-0.0510,-0.2535
230.0000,0.9582,-0.0559,-0.2387
240.0000,0.9335,-0.0352,-0.2419
250.0000,0.8864,-0.0491,-0.2457
260.0000,0.8137,-0.0298,-0.2405
270.0000,0.8311,-0.0151,-0.2243
280.0000,0.8760,-0.0688,-0.2133
290.0000,0.9749,-0.0511,-0.1746
300.0000,0.9956,-0.0760,-0.2337
310.0000,1.0153,-0.0673,-0.2217
320.0000,0.9908,-0.0689,-0.2249
330.0000,0.8374,-0.0255,-0.2504
340.0000,0.6414,-0.0048,-0.2541
350.0000,0.3743,-0.0198,-0.2359
360.0000,0.1119,0.0051,-0.2557
370.0000,-0.0469,0.0321,-0.2526
380.0000,-0.3408,-0.0176,-0.2454
390.0000,-0.5089,0.0011,-0.2526
400.0000,-0.5917,-0.0354,-0.2581
410.0000,-0.7092,-0.0545,-0.2469
420.0000,-0.6509,-0.0346,-0.2592
430.0000,-0.4830,-0.0703,-0.2564
440.0000,-0.1727,-0.0642,-0.2454
450.0000,0.0890,-0.0551,-0.2425
460.0000,0.3722,0.0399,-0.2326
470.0000,0.6072,0.0390,-0.2436
480.0000,0.8354,0.0573,-0.1486
490.0000,1.0634,0.0124,-0.1926
500.0000,1.2751,0.0047,-0.2070
510.0000,1.5352,0.0032,-0.2400
520.0000,1.7099,0.0307,-0.1566
530.0000,1.6379,0.0066,-0.2236
540.0000,1.5628,-0.0147,-0.2533
550.0000,1.3600,-0.0449,-0.2429
560.0000,1.0946,-0.0199,-0.2537
570.0000,0.8595,0.0418,-0.2430
580.0000,0.6407,0.0314,-0.2454
590.0000,0.4604,-0.0279,-0.2485
600.0000,0.2464,-0.0473,-0.2487
610.0000,0.0434,-0.0714,-0.2295
620.0000,-0.2195,-0.1049,-0.2291
630.0000,-0.4340,-0.0515,-0.2456
640.0000,-0.7072,-0.1408,-0.1709
650.0000,-0.9306,-0.1407,-0.1847
660.0000,-1.1744,-0.1816,-0.1718
670.0000,-1.3859,-0.1213,-0.2229
680.0000,-1.5663,-0.0662,-0.2355
690.0000,-1.7012,0.0189,-0.1566
700.0000,-1.7439,0.0606,-0.0627
710.0000,-1.7157,-0.0043,-0.1590
720.0000,-1.5878,0.0122,-0.2445
730.0000,-1.4968,-0.0458,-0.2525
740.0000,-1.2760,-0.0501,-0.2536
750.0000,-1.0657,-0.0197,-0.2294
760.0000,-0.8648,-0.0393,-0.2533
770.0000,-0.6045,-0.0326,-0.2518
780.0000,-0.4314,-0.0196,-0.2311
790.0000,-0.4395,-0.0437,-0.1963
800.0000,-0.4479,-0.1106,-0.2234
810.0000,-0.4577,-0.1265,-0.2100
820.0000,-0.4104,-0.1173,-0.1921
830.0000,-0.4208,-0.1302,-0.1534
840.0000,-0.3756,-0.1841,-0.1533
850.0000,-0.4063,-0.1714,-0.1561
860.0000,-0.2518,-0.1620,-0.1929
870.0000,-0.0419,-0.0876,-0.2294
880.0000,0.1593,-0.0318,-0.2391
890.0000,0.4349,-0.0342,-0.2469
900.0000,0.5997,0.0278,-0.2546
910.0000,0.6302,-0.0027,-0.2604
920.0000,0.4983,-0.0287,-0.2531
930.0000,0.2125,0.0129,-0.2250
940.0000,0.0341,0.0301,-0.2423
950.0000,-0.2013,-0.0020,-0.2585
960.0000,-0.4344,0.0539,-0.2499
970.0000,-0.6739,0.0071,-0.2410
980.0000,-0.8979,0.0225,-0.2526
990.0000,-1.0217,0.0245,-0.2640
1000.0000,-1.0064,-0.0109,-0.2646
1010.0000,-0.9700,-0.0181,-0.2578
1020.0000,-0.9253,0.0658,-0.2594
1030.0000,-0.9038,0.0443,-0.2176
1040.0000,-0.9256,0.0257,-0.2492
1050.0000,-0.8643,-0.0503,-0.2109
1060.0000,-0.8993,0.0263,-0.1076
1070.0000,-0.9047,0.0276,-0.0986
1080.0000,-0.9455,0.0400,-0.0878
1090.0000,-0.9221,0.0830,-0.0909
1100.0000,-0.9089,0.0319,-0.0810
1110.0000,-0.8967,0.0870,-0.0212
1120.0000,-0.8403,0.1671,-0.0934
1130.0000,-0.7094,0.1544,-0.2028
1140.0000,-0.5940,0.0933,-0.2425
1150.0000,-0.7027,0.0306,-0.2491
1160.0000,-0.9569,0.0369,-0.2489
1170.0000,-1.2273,-0.0531,-0.2395
1180.0000,-1.4163,-0.0180,-0.2397
1190.0000,-1.3682,-0.0837,-0.2304
1200.0000,-1.2658,-0.0019,-0.2568
1210.0000,-1.1128,0.0678,-0.2462
1220.0000,-0.8432,0.0027,-0.2563
1230.0000,-0.5633,0.0049,-0.2468
1240.0000,-0.3093,0.0305,-0.2451
1250.0000,-0.2135,-0.0473,-0.2173
1260.0000,-0.2211,0.0085,-0.1621
1270.0000,-0.2379,-0.0224,-0.1907
1280.0000,-0.2733,-0.0117,-0.2262
1290.0000,-0.2783,-0.0211,-0.2523
1300.0000,-0.3252,-0.0164,-0.2286
1310.0000,-0.3096,-0.0147,-0.2551
1320.0000,-0.3765,-0.0150,-0.2462
1330.0000,-0.3450,0.0409,-0.2477
1340.0000,-0.3582,-0.0029,-0.2585
1350.0000,-0.3787,-0.0506,-0.2515
1360.0000,-0.2601,-0.0309,-0.2515
1370.0000,-0.0783,-0.0293,-0.2383
1380.0000,0.1127,-0.0792,-0.2409
1390.0000,0.3393,-0.0537,-0.2555
1400.0000,0.5503,-0.0817,-0.2364
1410.0000,0.7756,-0.0959,-0.2163
1420.0000,0.9034,-0.0993,-0.2340
1430.0000,0.8056,-0.0525,-0.1598
1440.0000,0.8183,-0.1301,-0.1504
1450.0000,0.7041,-0.1139,-0.1847
1460.0000,0.5470,-0.0065,-0.2555
1470.0000,0.3638,0.0041,-0.2476
1480.0000,0.1519,-0.0314,-0.2537
1490.0000,-0.0806,-0.0071,-0.2555
1500.0000,-0.2822,0.0212,-0.2604
1510.0000,-0.3225,0.0072,-0.2511
1520.0000,-0.3955,0.0162,-0.2616
1530.0000,-0.6325,0.1071,-0.2261
1540.0000,-0.9385,0.0808,-0.1602
1550.0000,-1.2227,0.1112,-0.2254
1560.0000,-1.3006,0.0402,-0.2385
1570.0000,-1.3240,0.0467,-0.2502
1580.0000,-1.1753,0.0908,-0.2442
1590.0000,-0.9358,0.1144,-0.2255
1600.0000,-0.7129,0.1036,-0.2279
1610.0000,-0.4247,0.0903,-0.2302
1620.0000,-0.2106,0.1331,-0.2139
1630.0000,-0.0208,0.1449,-0.2002
1640.0000,0.1717,0.0885,-0.2310
1650.0000,0.3775,0.1036,-0.2281
1660.0000,0.5825,0.0804,-0.2225
1670.0000,0.8551,0.0720,-0.2441
1680.0000,1.1569,0.1029,-0.2302
1690.0000,1.3002,0.0379,-0.2559
1700.0000,1.2738,0.0684,-0.2558
1710.0000,1.0148,0.0564,-0.2497
1720.0000,0.8035,-0.0224,-0.2562
1730.0000,0.7502,0.0334,-0.2444
1740.0000,0.7649,0.0164,-0.2258
1750.0000,0.8144,-0.0126,-0.1433
1760.0000,0.8203,0.0179,-0.2071
1770.0000,0.8474,-0.0258,-0.1728
1780.0000,0.8431,-0.0767,-0.2466
1790.0000,0.6817,-0.0950,-0.2348
1800.0000,0.5773,-0.0890,-0.2261
1810.0000,0.5958,-0.0907,-0.1933
1820.0000,0.5960,-0.0520,-0.1986
1830.0000,0.5288,-0.0158,-0.2253
1840.0000,0.5784,-0.0352,-0.2363
1850.0000,0.6852,-0.0081,-0.2284
1860.0000,0.6427,-0.0406,-0.2564
1870.0000,0.8755,-0.0467,-0.2476
1880.0000,1.0860,-0.0381,-0.2486
1890.0000,1.1768,-0.0178,-0.2083
1900.0000,1.1445,-0.1320,-0.1976
1910.0000,1.1763,-0.0733,-0.2273
1920.0000,1.1068,-0.0366,-0.2484
1930.0000,0.8907,-0.0739,-0.2189
1940.0000,0.5578,-0.0891,-0.2353
1950.0000,0.3504,-0.0604,-0.2438
1960.0000,0.0545,-0.0543,-0.2442
1970.0000,-0.1434,-0.0220,-0.2091
1980.0000,-0.4181,0.0277,-0.1625
1990.0000,-0.6409,-0.0343,-0.1633
2000.0000,-0.8192,-0.0397,-0.2129
2010.0000,-0.7725,-0.0501,-0.2245
2020.0000,-0.7919,-0.0927,-0.1666
2030.0000,-0.8324,-0.0031,-0.2372
2040.0000,-0.7297,0.0053,-0.2563
2050.0000,-0.5051,0.0385,-0.2516
2060.0000,-0.3012,0.0735,-0.2427
2070.0000,-0.0497,0.0757,-0.2425
2080.0000,0.1462,0.1010,-0.2325
2090.0000,0.2971,0.0078,-0.2629
2100.0000,0.3956,0.0010,-0.2604
2110.0000,0.3470,0.0048,-0.2573
2120.0000,0.3159,-0.0133,-0.2622
2130.0000,0.1699,-0.0068,-0.2593
2140.0000,-0.1327,0.0519,-0.2490
2150.0000,-0.3924,0.1017,-0.2206
2160.0000,-0.6602,0.1166,-0.1995
2170.0000,-0.9546,0.1247,-0.1521
2180.0000,-1.1305,0.1822,-0.1596
2190.0000,-1.3665,0.0800,-0.2433
2200.0000,-1.4549,0.0279,-0.2582
2210.0000,-1.4059,0.0568,-0.2611
2220.0000,-1.2897,0.0602,-0.2533
2230.0000,-1.2372,0.0502,-0.2583
2240.0000,-1.6048,0.0758,-0.2087
2250.0000,-1.7392,0.0490,-0.0881
2260.0000,-1.7278,0.0272,-0.1426
2270.0000,-1.6306,0.0219,-0.2265
2280.0000,-1.5372,0.0891,-0.2437
2290.0000,-1.4408,0.1122,-0.2157
2300.0000,-1.3042,0.0713,-0.2430
2310.0000,-0.9514,0.0474,-0.2430
2320.0000,-0.6983,0.0604,-0.2385
2330.0000,-0.4524,0.0595,-0.2401
2340.0000,-0.2439,0.0952,-0.1758
2350.0000,-0.0126,0.0538,-0.2537
2360.0000,0.2133,0.0067,-0.2414
2370.0000,0.3439,-0.0208,-0.2580
2380.0000,0.1972,-0.0208,-0.2493
2390.0000,-0.0415,0.0289,-0.2447
2400.0000,-0.1375,-0.0201,-0.2526
2410.0000,-0.2113,0.0330,-0.2087
2420.0000,-0.2568,0.0368,-0.1793
2430.0000,-0.2328,-0.0084,-0.1820
2440.0000,-0.2166,-0.0413,-0.1471
2450.0000,-0.1579,0.0218,-0.2071
2460.0000,-0.0525,0.0439,-0.2521
2470.0000,0.1598,0.0378,-0.2442
2480.0000,0.3677,0.0497,-0.2507
2490.0000,0.4111,0.0306,-0.2527
2500.0000,0.4354,0.0580,-0.2560
2510.0000,0.3923,0.0561,-0.2591
2520.0000,0.3456,0.0242,-0.2548
2530.0000,0.2134,0.0422,-0.2522
2540.0000,-0.0506,0.0737,-0.2518
2550.0000,-0.3542,0.1040,-0.2219
2560.0000,-0.5900,0.0968,-0.1507
2570.0000,-0.8788,0.1131,-0.2314
2580.0000,-1.1011,0.1458,-0.1827
2590.0000,-1.3010,0.1422,-0.2002
2600.0000,-1.5923,0.1146,-0.2072
2610.0000,-1.7216,0.0335,-0.1170
2620.0000,-1.6605,0.0323,-0.2039
2630.0000,-1.6283,-0.0110,-0.2378
2640.0000,-1.5305,0.0116,-0.2620
2650.0000,-1.3220,0.0459,-0.2547
2660.0000,-1.1653,0.0606,-0.2457
2670.0000,-0.8290,0.0815,-0.2348
2680.0000,-0.6353,-0.0479,-0.2461
2690.0000,-0.4272,-0.0409,-0.2425
2700.0000,-0.1519,0.0354,-0.2321
2710.0000,0.0418,0.0291,-0.2475
2720.0000,0.3537,0.0832,-0.2311
2730.0000,0.5131,0.0802,-0.2396
2740.0000,0.6402,0.0627,-0.2521
2750.0000,0.6939,0.0648,-0.2550
2760.0000,0.6283,0.1095,-0.2294
2770.0000,0.5278,0.0913,-0.2478
2780.0000,0.2894,0.1099,-0.2261
2790.0000,-0.0013,0.0954,-0.2336
2800.0000,-0.3015,0.1252,-0.1923
2810.0000,-0.6729,0.0991,-0.2003
2820.0000,-0.8694,0.1114,-0.1214
2830.0000,-1.0923,0.1460,-0.1535
2840.0000,-1.1549,0.1019,-0.2372
2850.0000,-1.1244,0.0878,-0.2504
2860.0000,-1.2599,0.0968,-0.2351
2870.0000,-1.5635,0.0670,-0.1978
2880.0000,-1.7260,0.0663,-0.0800
2890.0000,-1.6949,0.0785,-0.1518
2900.0000,-1.6387,0.0774,-0.2139
2910.0000,-1.5397,0.1102,-0.2268
2920.0000,-1.3500,0.0674,-0.2545
2930.0000,-1.2525,0.0921,-0.2376
2940.0000,-1.0034,-0.0091,-0.2562
2950.0000,-0.7936,0.0086,-0.2549
2960.0000,-0.5552,-0.0302,-0.2493
2970.0000,-0.2891,0.0823,-0.2324
2980.0000,-0.0954,0.0944,-0.2097
2990.0000,0.1356,0.0410,-0.2443
3000.0000,0.4381,0.0341,-0.2487
3010.0000,0.4361,0.1140,-0.2020
3020.0000,0.2895,0.1181,-0.2195
3030.0000,0.1501,0.0817,-0.2366
3040.0000,-0.0090,0.1056,-0.2323
3050.0000,-0.2995,0.1548,-0.1482
3060.0000,-0.5648,0.2187,-0.1224
3070.0000,-0.7464,0.2109,-0.1610
3080.0000,-0.9147,0.1535,-0.2155
3090.0000,-0.8465,0.1440,-0.2179
3100.0000,-0.5807,0.0731,-0.2444
3110.0000,-0.3163,0.1214,-0.2272
3120.0000,-0.0850,0.0585,-0.2236
3130.0000,0.1619,0.0739,-0.2326
3140.0000,0.4095,0.0739,-0.2018
3150.0000,0.6816,0.1143,-0.1932
3160.0000,0.8779,0.1477,-0.2111
3170.0000,0.8140,0.1125,-0.2307
3180.0000,0.6152,0.1307,-0.2185
3190.0000,0.3961,0.1298,-0.2270
3200.0000,0.0391,0.1003,-0.2288
3210.0000,-0.1697,0.0527,-0.2473
3220.0000,-0.3704,0.0868,-0.2421
3230.0000,-0.6089,0.0698,-0.2460
3240.0000,-0.6751,0.1417,-0.2098
3250.0000,-0.6835,0.1456,-0.2194
3260.0000,-0.6650,0.1263,-0.2203
3270.0000,-0.6605,0.1010,-0.2221
3280.0000,-0.6677,0.0971,-0.2116
3290.0000,-0.7040,0.0912,-0.1746
3300.0000,-0.7076,0.1782,-0.1739
3310.0000,-0.6733,0.1619,-0.0765
3320.0000,-0.7519,0.1500,-0.0196
3330.0000,-0.8058,0.1459,-0.0151
3340.0000,-0.7556,0.1696,-0.0252
3350.0000,-0.7352,0.2055,0.0126
3360.0000,-0.6619,0.2352,-0.0547
3370.0000,-0.5439,0.2124,-0.1472
3380.0000,-0.4457,0.1942,-0.1844
3390.0000,-0.4076,0.2073,-0.1495
3400.0000,-0.3890,0.2145,-0.1466
3410.0000,-0.3190,0.1919,-0.1773
3420.0000,-0.2155,0.1556,-0.2110
3430.0000,0.0936,0.2180,-0.1267
3440.0000,0.2996,0.1928,-0.1647
3450.0000,0.2978,0.0817,-0.2242
3460.0000,0.2806,0.0335,-0.2280
3470.0000,0.3863,0.0082,-0.2523
3480.0000,0.4170,0.0077,-0.2129
3490.0000,0.4179,0.0312,-0.1574
3500.0000,0.3547,-0.0652,-0.1703
3510.0000,0.3241,-0.0327,-0.1995
3520.0000,0.3515,0.0197,-0.1736
3530.0000,0.3454,0.0642,-0.1770
3540.0000,0.3503,0.1199,-0.1276
3550.0000,0.3414,0.1804,-0.1248
3560.0000,0.2914,0.1593,-0.2032
3570.0000,0.2145,0.1706,-0.1824
3580.0000,0.0816,0.1032,-0.2392
3590.0000,-0.0712,0.1319,-0.2165
3600.0000,-0.2576,0.1177,-0.2278
3610.0000,-0.2921,0.0890,-0.2468
3620.0000,-0.3180,0.1366,-0.2291
3630.0000,-0.0758,0.1821,-0.1782
3640.0000,0.2163,0.1536,-0.1899
3650.0000,0.4550,0.0777,-0.2416
3660.0000,0.6676,0.0736,-0.2331
3670.0000,1.0279,0.1451,-0.1825
3680.0000,1.2839,0.1365,-0.2191
3690.0000,1.2463,0.1509,-0.2159
3700.0000,1.2299,0.1729,-0.1979
3710.0000,1.1357,0.1458,-0.2135
3720.0000,1.3417,0.1413,-0.2122
3730.0000,1.7073,0.0700,-0.1360
3740.0000,1.7449,0.0421,-0.0798
3750.0000,1.6778,0.0935,-0.1643
3760.0000,1.6380,0.0970,-0.1949
3770.0000,1.7590,0.0303,-0.0246
3780.0000,1.7295,0.0376,-0.1181
3790.0000,1.6828,0.0935,-0.1537
3800.0000,1.6720,0.0874,-0.1698
3810.0000,1.7592,-0.0082,-0.0435
3820.0000,1.6943,0.0965,-0.1362
3830.0000,1.7539,-0.0214,-0.0627
3840.0000,1.7580,0.0023,-0.0401
3850.0000,1.7532,0.0470,0.0051
3860.0000,1.7124,0.0853,-0.1301
3870.0000,1.6795,0.1033,-0.1357
3880.0000,1.6887,0.0558,-0.1605
3890.0000,1.6297,0.1389,-0.1575
3900.0000,1.3918,0.1219,-0.2207
3910.0000,1.1759,0.0847,-0.2366
3920.0000,0.9514,0.1090,-0.2232
3930.0000,0.7642,0.1548,-0.1948
3940.0000,0.4725,0.1302,-0.2120
3950.0000,0.1963,0.0100,-0.2149
3960.0000,-0.0098,-0.0597,-0.2319
3970.0000,-0.2364,-0.0640,-0.2481
3980.0000,-0.4624,-0.0193,-0.2200
3990.0000,-0.7060,-0.0941,-0.2201
4000.0000,-0.9593,-0.0487,-0.2442
4010.0000,-1.0384,0.0887,-0.2405
4020.0000,-1.2256,0.1132,-0.2277
4030.0000,-1.4557,0.0053,-0.2372
4040.0000,-1.7024,-0.0203,-0.1472
4050.0000,-1.6386,0.0892,-0.1966
4060.0000,-1.5854,0.1115,-0.2099
4070.0000,-1.4962,0.1322,-0.2240
4080.0000,-1.4914,0.1430,-0.2088
4090.0000,-1.7423,0.0152,-0.1072
4100.0000,-1.7322,0.0721,-0.0879
4110.0000,-1.6765,0.0803,-0.1694
4120.0000,-1.6283,0.0998,-0.2034
4130.0000,-1.6964,0.0727,-0.1561
4140.0000,-1.6823,0.0778,-0.1433
4150.0000,-1.6046,0.0281,-0.1904
4160.0000,-1.5374,0.0284,-0.2390
4170.0000,-1.4732,0.0025,-0.2013
4180.0000,-1.3522,0.0935,-0.2424
4190.0000,-1.0748,0.0364,-0.2320
4200.0000,-0.8098,0.0844,-0.2362
4210.0000,-0.5484,0.0912,-0.2337
4220.0000,-0.3480,0.0834,-0.2390
4230.0000,-0.1356,0.1557,-0.2054
4240.0000,-0.0250,0.1257,-0.2224
4250.0000,-0.1097,0.1209,-0.2257
4260.0000,-0.4122,0.1912,-0.1578
4270.0000,-0.6253,0.1782,-0.1647
4280.0000,-0.9073,0.0996,-0.1660
4290.0000,-1.1737,0.2208,-0.1031
4300.0000,-1.1606,0.2501,-0.0631
4310.0000,-0.9895,0.1965,-0.1525
4320.0000,-0.7415,0.1275,-0.2194
4330.0000,-0.5270,0.1251,-0.2251
4340.0000,-0.3332,0.1105,-0.2123
4350.0000,-0.1036,0.1192,-0.2210
4360.0000,0.1996,0.0930,-0.2161
4370.0000,0.3693,0.0691,-0.2516
4380.0000,0.2517,0.1009,-0.2249
4390.0000,0.0457,0.1325,-0.2223
4400.0000,-0.2196,0.1816,-0.1803
4410.0000,-0.4844,0.1325,-0.1852
4420.0000,-0.7358,0.1593,-0.1922
4430.0000,-0.9946,0.1521,-0.1929
4440.0000,-0.9896,0.1317,-0.2126
4450.0000,-0.7693,0.1316,-0.2146
4460.0000,-0.5417,0.1689,-0.1915
4470.0000,-0.3531,0.1875,-0.1833
4480.0000,-0.1264,0.1972,-0.1478
4490.0000,0.0582,0.2155,-0.1143
4500.0000,0.1093,0.2044,-0.1478
4510.0000,0.1130,0.2363,-0.0854
4520.0000,0.0739,0.1429,-0.2089
4530.0000,-0.0264,0.1312,-0.2117
4540.0000,-0.1376,0.1654,-0.1872
4550.0000,-0.3354,0.1339,-0.2079
4560.0000,-0.5471,0.0830,-0.2368
4570.0000,-0.5720,0.1647,-0.2012
4580.0000,-0.5934,0.1314,-0.2267
4590.0000,-0.6396,0.2032,-0.1678
4600.0000,-0.6023,0.1720,-0.1976
4610.0000,-0.4939,0.1718,-0.1874
4620.0000,-0.4601,0.1513,-0.2067
4630.0000,-0.4714,0.1266,-0.2098
4640.0000,-0.4728,0.1109,-0.2215
4650.0000,-0.4893,0.0857,-0.2281
4660.0000,-0.3507,0.0991,-0.2304
4670.0000,-0.0731,0.1618,-0.1912
4680.0000,-0.0899,0.1514,-0.1609
4690.0000,-0.1167,0.0836,-0.2131
4700.0000,-0.0983,0.0528,-0.1941
4710.0000,-0.1098,0.1204,-0.2009
4720.0000,-0.1405,0.1114,-0.1780
4730.0000,-0.1003,0.1964,-0.1600
4740.0000,-0.0168,0.1951,-0.0779
4750.0000,-0.0324,0.1557,-0.2033
4760.0000,-0.0584,0.1484,-0.2069
4770.0000,-0.1655,0.1482,-0.1990
4780.0000,-0.3687,0.1218,-0.2225
4790.0000,-0.4893,0.1293,-0.1805
4800.0000,-0.5165,0.1345,-0.2186
4810.0000,-0.5595,0.0951,-0.2263
4820.0000,-0.3572,0.0814,-0.2370
4830.0000,-0.1317,0.1080,-0.2330
4840.0000,0.0699,0.0587,-0.2128
4850.0000,0.3002,0.0856,-0.2250
4860.0000,0.4901,0.0908,-0.2275
4870.0000,0.3814,0.1704,-0.2014
4880.0000,0.1596,0.1232,-0.2188
4890.0000,-0.0564,0.1661,-0.1915
4900.0000,-0.3342,0.0842,-0.2361
4910.0000,-0.5544,0.1115,-0.1680
4920.0000,-0.8283,0.0792,-0.1754
4930.0000,-1.0354,0.0939,-0.1825
4940.0000,-1.3475,0.0669,-0.0781
4950.0000,-1.5207,0.1191,-0.2241
4960.0000,-1.3587,0.1150,-0.2270
4970.0000,-1.1287,0.1181,-0.2229
4980.0000,-1.1700,0.1466,-0.2080
4990.0000,-1.1955,0.0928,-0.2277
5000.0000,-1.1340,0.1152,-0.1234
5010.0000,-1.1356,0.0583,-0.1446
5020.0000,-1.1545,0.1554,-0.1920
5030.0000,-1.2051,0.0912,-0.2314
5040.0000,-1.0728,0.1076,-0.2356
5050.0000,-0.9020,0.1315,-0.2233
5060.0000,-0.5815,0.1329,-0.2210
5070.0000,-0.4016,0.1146,-0.2265
5080.0000,-0.3737,0.1049,-0.2361
5090.0000,-0.6840,0.1084,-0.2258
5100.0000,-0.9122,0.1031,-0.2235
5110.0000,-1.1545,0.1200,-0.2178
5120.0000,-1.4003,0.1050,-0.2208
5130.0000,-1.6302,0.0987,-0.1951
5140.0000,-1.7145,0.0572,-0.1006
5150.0000,-1.6733,0.0974,-0.1359
5160.0000,-1.6303,0.1589,-0.1611
5170.0000,-1.4327,0.1183,-0.2205
5180.0000,-1.2606,0.0770,-0.2484
5190.0000,-1.0157,0.0769,-0.2461
5200.0000,-0.7479,0.0604,-0.2473
5210.0000,-0.5142,0.0563,-0.2484
5220.0000,-0.3339,0.0206,-0.2572
5230.0000,-0.1557,0.1282,-0.2232
5240.0000,-0.0407,0.1568,-0.2049
5250.0000,0.0228,0.1240,-0.2319
5260.0000,-0.0537,0.0930,-0.2436
5270.0000,-0.3723,0.1392,-0.2119
5280.0000,-0.5424,0.0582,-0.2397
5290.0000,-0.8401,0.0078,-0.2514
5300.0000,-0.9759,0.0668,-0.2374
5310.0000,-0.9675,0.0239,-0.2405
5320.0000,-0.9546,0.0824,-0.2381
5330.0000,-0.7479,0.0698,-0.2442
5340.0000,-0.6196,0.0376,-0.2510
5350.0000,-0.4829,0.0382,-0.2501
5360.0000,-0.2464,0.0521,-0.2507
5370.0000,-0.0290,-0.0183,-0.2541
5380.0000,0.2805,-0.0220,-0.2554
5390.0000,0.4534,0.0166,-0.2599
5400.0000,0.4951,0.0376,-0.2614
5410.0000,0.6784,0.0050,-0.2431
5420.0000,0.9843,0.0273,-0.2503
5430.0000,1.2687,0.0598,-0.1979
5440.0000,1.5545,0.0618,-0.1629
5450.0000,1.7081,0.0408,-0.1511
5460.0000,1.5871,0.0635,-0.2311
5470.0000,1.4822,0.0191,-0.2533
5480.0000,1.2566,0.0133,-0.2535
5490.0000,1.0406,0.0764,-0.2343
5500.0000,1.0352,0.0315,-0.2269
5510.0000,0.9963,-0.0355,-0.2159
5520.0000,0.9550,-0.0751,-0.0932
5530.0000,1.0676,-0.0261,-0.1720
5540.0000,1.0301,-0.0216,-0.2082
5550.0000,0.8341,0.0354,-0.2441
5560.0000,0.6923,0.0531,-0.2519
5570.0000,0.6127,-0.0165,-0.2184
5580.0000,0.7247,-0.0579,-0.2325
5590.0000,0.7034,-0.0152,-0.2135
5600.0000,0.7392,-0.0211,-0.2291
5610.0000,0.7409,0.0638,-0.2356
5620.0000,0.6093,-0.0070,-0.2329
5630.0000,0.6548,-0.0432,-0.1888
5640.0000,0.4906,-0.0329,-0.2501
5650.0000,0.2872,-0.0301,-0.2569
5660.0000,0.2574,-0.0108,-0.2500
5670.0000,0.2734,-0.0642,-0.2216
5680.0000,0.3603,-0.0345,-0.2480
5690.0000,0.4723,-0.0447,-0.2519
5700.0000,0.6408,-0.0044,-0.2525
5710.0000,0.9138,0.0459,-0.2549
5720.0000,1.1160,0.0352,-0.2516
5730.0000,1.4033,0.0188,-0.1959
5740.0000,1.4779,-0.0102,-0.2595
5750.0000,1.4317,0.0031,-0.2660
5760.0000,1.3209,-0.0213,-0.2575
5770.0000,1.2580,-0.0300,-0.2605
5780.0000,1.1170,-0.0543,-0.2564
5790.0000,1.5518,-0.0178,-0.2468
5800.0000,1.7592,-0.0133,-0.0361
5810.0000,1.7530,0.0114,-0.0667
5820.0000,1.6490,-0.1104,-0.1679
5830.0000,1.5377,-0.0480,-0.2486
5840.0000,1.2989,-0.1156,-0.2279
5850.0000,1.0440,-0.1397,-0.2161
5860.0000,0.7738,-0.0812,-0.2409
5870.0000,0.5391,-0.1104,-0.2355
5880.0000,0.3475,-0.1163,-0.2209
5890.0000,0.0950,-0.0933,-0.2350
5900.0000,-0.0659,-0.0624,-0.2498
5910.0000,-0.0663,-0.0659,-0.2489
5920.0000,0.1618,-0.0259,-0.2468
5930.0000,0.3750,0.0562,-0.2522
5940.0000,0.5784,-0.0518,-0.2170
5950.0000,0.8948,-0.0250,-0.2230
5960.0000,1.0996,-0.0944,-0.2387
5970.0000,1.2016,-0.0860,-0.1959
5980.0000,1.1694,-0.1017,-0.1123
5990.0000,1.2184,-0.0945,-0.0733
6000.0000,1.2541,-0.0091,-0.0606
6010.0000,1.1690,-0.0280,-0.0934
6020.0000,1.0802,0.0073,-0.2512
6030.0000,0.9072,-0.0066,-0.2540
6040.0000,0.6667,0.0191,-0.2447
6050.0000,0.3914,0.0111,-0.2542
6060.0000,0.2760,-0.0017,-0.2553
6070.0000,0.2191,-0.0315,-0.2544
6080.0000,0.4204,0.0024,-0.2443
6090.0000,0.6664,-0.0440,-0.2068
6100.0000,0.9677,0.0321,-0.2228
6110.0000,1.2446,0.0019,-0.2365
6120.0000,1.3454,-0.0290,-0.2542
6130.0000,1.3918,-0.0173,-0.2602
6140.0000,1.4420,-0.0169,-0.2503
6150.0000,1.6683,-0.0238,-0.1915
6160.0000,1.7500,0.0030,-0.0546
6170.0000,1.6927,0.0007,-0.1787
6180.0000,1.6207,-0.0156,-0.2261
6190.0000,1.7588,-0.0094,-0.0330
6200.0000,1.7560,-0.0189,-0.0604
6210.0000,1.6909,-0.0294,-0.1730
6220.0000,1.6466,-0.0233,-0.2163
6230.0000,1.5167,-0.0333,-0.2581
6240.0000,1.5035,-0.0384,-0.2496
6250.0000,1.3001,0.0095,-0.2499
6260.0000,1.1029,0.1049,-0.2310
6270.0000,0.8253,0.0249,-0.2362
6280.0000,0.5355,0.0662,-0.2359
6290.0000,0.3104,0.0060,-0.2167
6300.0000,0.1059,0.0753,-0.1945
6310.0000,-0.0884,0.0732,-0.2428
6320.0000,-0.2865,0.0769,-0.2363
6330.0000,-0.4567,0.0500,-0.2482
6340.0000,-0.5011,0.0310,-0.2623
6350.0000,-0.4361,0.0706,-0.2529
6360.0000,-0.4566,0.0712,-0.2468
6370.0000,-0.4615,0.1283,-0.2259
6380.0000,-0.2591,0.1011,-0.2375
6390.0000,0.1010,0.0735,-0.2111
6400.0000,0.3416,0.1114,-0.2271
6410.0000,0.5781,0.0093,-0.2087
6420.0000,0.8539,-0.0123,-0.2380
6430.0000,1.1716,-0.0686,-0.2130
6440.0000,1.4016,-0.0959,-0.2322
6450.0000,1.5335,0.0558,-0.2515
6460.0000,1.5187,0.0763,-0.2484
6470.0000,1.4322,0.0653,-0.2527
6480.0000,1.2964,0.0314,-0.2658
6490.0000,1.0386,0.0415,-0.2559
6500.0000,0.8564,0.0024,-0.2587
6510.0000,0.5565,-0.0262,-0.2528
6520.0000,0.2784,-0.0661,-0.2412
6530.0000,0.0564,-0.1192,-0.2220
6540.0000,-0.1035,-0.0535,-0.2548
6550.0000,-0.2947,-0.0350,-0.2271
6560.0000,-0.5864,-0.0865,-0.2363
6570.0000,-0.7604,-0.0623,-0.2537
6580.0000,-0.7987,-0.0031,-0.2664
6590.0000,-0.7425,-0.0101,-0.2552
6600.0000,-0.7200,-0.0443,-0.2524
6610.0000,-0.7086,-0.0388,-0.2575
6620.0000,-0.6374,-0.0102,-0.2522
6630.0000,-0.5709,-0.0091,-0.2622
6640.0000,-0.9918,-0.0417,-0.2380
6650.0000,-1.3871,0.0296,-0.2406
6660.0000,-1.6599,0.0247,-0.2020
6670.0000,-1.6852,0.0157,-0.1742
6680.0000,-1.6310,0.0149,-0.2176
6690.0000,-1.6075,-0.0125,-0.2347
6700.0000,-1.7316,0.0482,-0.1135
6710.0000,-1.7099,0.0251,-0.1249
6720.0000,-1.6580,-0.0272,-0.1316
6730.0000,-1.4563,-0.0666,-0.2316
6740.0000,-1.1834,-0.0711,-0.2439
6750.0000,-1.0258,-0.0733,-0.2419
6760.0000,-0.7768,-0.0605,-0.2446
6770.0000,-0.5097,-0.0299,-0.2438
6780.0000,-0.2289,-0.0538,-0.2434
6790.0000,-0.0285,-0.0086,-0.2433
6800.0000,0.2109,-0.0221,-0.2483
6810.0000,0.3097,-0.0307,-0.2572
6820.0000,0.3606,-0.0198,-0.2612
6830.0000,0.3580,-0.0252,-0.2584
6840.0000,0.3045,-0.0177,-0.2556
6850.0000,0.2257,0.0002,-0.2525
6860.0000,0.2342,0.0104,-0.2556
6870.0000,0.3680,-0.0276,-0.2465
6880.0000,0.4019,-0.0813,-0.1952
6890.0000,0.4323,-0.0541,-0.2531
6900.0000,0.5035,0.0354,-0.2293
6910.0000,0.4765,0.0563,-0.2338
6920.0000,0.5226,0.0158,-0.1896
6930.0000,0.5618,-0.0243,-0.1690
6940.0000,0.4476,0.0351,-0.2207
6950.0000,0.2998,0.0220,-0.2274
6960.0000,0.1254,0.0051,-0.2551
6970.0000,0.1974,0.0017,-0.2450
6980.0000,0.4558,0.0068,-0.2483
6990.0000,0.6822,0.0163,-0.2463
7000.0000,0.8288,0.0617,-0.2322
7010.0000,1.0216,0.0085,-0.2064
7020.0000,1.1225,-0.0264,-0.2578
7030.0000,1.1296,-0.0458,-0.2557
7040.0000,1.0114,-0.0271,-0.2586
7050.0000,0.9846,-0.0376,-0.2546
7060.0000,1.1533,0.0440,-0.2563
7070.0000,1.1986,-0.0329,-0.2278
7080.0000,1.1314,-0.1013,-0.2001
7090.0000,1.1128,-0.0276,-0.0906
7100.0000,1.0175,-0.0111,-0.0954
7110.0000,0.9768,0.0495,-0.0950
7120.0000,0.7998,0.0783,-0.1623
7130.0000,0.6267,0.0530,-0.1781
7140.0000,0.4150,0.0283,-0.2399
7150.0000,0.3525,0.0246,-0.2488
7160.0000,0.4250,0.0714,-0.2392
7170.0000,0.4848,0.0983,-0.2191
7180.0000,0.6566,0.0214,-0.2457
7190.0000,0.7609,0.0184,-0.2572
7200.0000,0.8499,-0.0424,-0.2448
7210.0000,0.8039,-0.0103,-0.1985
7220.0000,0.6799,0.0334,-0.2500
7230.0000,0.4740,0.0901,-0.2312
7240.0000,0.2238,0.1119,-0.2197
7250.0000,0.0049,0.1122,-0.1704
7260.0000,-0.3432,0.0987,-0.2032
7270.0000,-0.5649,0.1211,-0.2287
7280.0000,-0.7318,0.0839,-0.2357
7290.0000,-0.9844,0.0744,-0.2318
7300.0000,-1.2498,0.0431,-0.2163
7310.0000,-1.3785,0.0254,-0.2333
7320.0000,-1.3885,0.0302,-0.2360
7330.0000,-1.2675,-0.0294,-0.2528
7340.0000,-1.2197,0.0266,-0.2448
7350.0000,-1.2218,0.0958,-0.1830
7360.0000,-1.2325,0.0694,-0.2193
7370.0000,-1.2126,0.0541,-0.2435
7380.0000,-1.1819,0.0909,-0.2419
7390.0000,-0.9693,0.0597,-0.2513
7400.0000,-0.7669,0.0703,-0.2425
7410.0000,-0.5338,0.0223,-0.2488
7420.0000,-0.3177,0.0210,-0.2531
7430.0000,-0.0460,0.0143,-0.2531
7440.0000,0.1790,-0.0114,-0.2506
7450.0000,0.3648,0.0031,-0.2460
7460.0000,0.5800,0.0691,-0.1915
7470.0000,0.7959,0.0006,-0.2599
7480.0000,0.8654,-0.0266,-0.2574
7490.0000,0.8525,-0.0113,-0.2555
7500.0000,1.1664,-0.0411,-0.1997
7510.0000,1.4000,0.0723,-0.2020
7520.0000,1.6010,0.0595,-0.2227
7530.0000,1.6675,0.0501,-0.1910
7540.0000,1.5979,0.0125,-0.2351
7550.0000,1.4668,-0.0086,-0.2506
7560.0000,1.2166,-0.0055,-0.2526
7570.0000,0.9424,-0.0602,-0.2492
7580.0000,0.6929,-0.0192,-0.2579
7590.0000,0.5293,-0.0634,-0.2522
7600.0000,0.3123,-0.0608,-0.2404
7610.0000,-0.0067,-0.0773,-0.1795
7620.0000,-0.2294,-0.1257,-0.1921
7630.0000,-0.5037,-0.0978,-0.1985
7640.0000,-0.7271,-0.0426,-0.2313
7650.0000,-0.9005,-0.0313,-0.2574
7660.0000,-0.9400,-0.0179,-0.2552
7670.0000,-0.9147,0.0101,-0.2600
7680.0000,-0.6385,-0.0511,-0.2550
7690.0000,-0.3808,-0.0296,-0.2466
7700.0000,-0.0726,-0.0154,-0.2452
7710.0000,0.1526,-0.0432,-0.2082
7720.0000,0.4495,-0.0604,-0.2289
7730.0000,0.6852,-0.0825,-0.2153
7740.0000,0.9450,-0.0580,-0.2494
7750.0000,0.9809,-0.0352,-0.2532
7760.0000,1.0159,-0.0753,-0.2574
7770.0000,0.7752,-0.0554,-0.2484
7780.0000,0.4136,-0.0593,-0.2498
7790.0000,0.2193,-0.0431,-0.2393
7800.0000,-0.0340,-0.0372,-0.2414
7810.0000,-0.1956,-0.0599,-0.2390
7820.0000,-0.4475,-0.0762,-0.2219
7830.0000,-0.7358,-0.0926,-0.2318
7840.0000,-1.0339,-0.0551,-0.2516
7850.0000,-1.1424,-0.0700,-0.2536
7860.0000,-0.9057,-0.0646,-0.2431
7870.0000,-0.6933,-0.0829,-0.2444
7880.0000,-0.3955,-0.0391,-0.2470
7890.0000,-0.2382,-0.0862,-0.2428
7900.0000,-0.0735,-0.0741,-0.2215
7910.0000,0.1913,-0.1409,-0.2091
7920.0000,0.4210,-0.1181,-0.2192
7930.0000,0.6498,-0.1174,-0.2275
7940.0000,0.7485,-0.0815,-0.2469
7950.0000,0.6462,-0.0823,-0.2462
7960.0000,0.3170,-0.1199,-0.2266
7970.0000,0.0492,-0.0410,-0.2438
7980.0000,-0.1897,0.0801,-0.2474
7990.0000,-0.3994,0.0697,-0.2374
8000.0000,-0.6123,0.0406,-0.2220
8010.0000,-0.8618,-0.0069,-0.2470
8020.0000,-0.9494,-0.1148,-0.2234
8030.0000,-1.0001,-0.1231,-0.2239
8040.0000,-1.3463,-0.1590,-0.1992
8050.0000,-1.6881,-0.1429,-0.0805
8060.0000,-1.6715,-0.1217,-0.0756
8070.0000,-1.5680,-0.1347,-0.1900
8080.0000,-1.3663,-0.1100,-0.2359
8090.0000,-1.0777,-0.0412,-0.2323
8100.0000,-0.8709,-0.0645,-0.2405
8110.0000,-0.6555,-0.1175,-0.2215
8120.0000,-0.4002,-0.0494,-0.2472
8130.0000,-0.1970,-0.0762,-0.2389
8140.0000,0.0040,-0.0575,-0.2422
8150.0000,0.2133,-0.0927,-0.2434
8160.0000,0.2792,-0.1060,-0.2346
8170.0000,0.3551,-0.0712,-0.2502
8180.0000,0.3755,-0.0792,-0.2508
8190.0000,0.3757,-0.0769,-0.2449
8200.0000,0.5344,-0.1017,-0.2397
8210.0000,0.8686,-0.0322,-0.2393
8220.0000,1.1876,-0.0775,-0.2282
8230.0000,1.2009,-0.1322,-0.1815
8240.0000,1.1682,-0.1180,-0.1998
8250.0000,1.2247,-0.0352,-0.2366
8260.0000,1.2607,-0.0405,-0.2124
8270.0000,1.2470,-0.0099,-0.1943
8280.0000,1.2637,-0.0482,-0.1618
8290.0000,1.2755,-0.0601,-0.2542
8300.0000,1.1264,-0.0438,-0.2589
8310.0000,0.8613,-0.0687,-0.2455
8320.0000,0.6193,-0.0444,-0.2543
8330.0000,0.4546,-0.0504,-0.2511
8340.0000,0.3621,-0.0967,-0.2331
8350.0000,0.2535,-0.1189,-0.2258
8360.0000,-0.0966,-0.1580,-0.1796
8370.0000,-0.3275,-0.1856,-0.1821
8380.0000,-0.6215,-0.1435,-0.2096
8390.0000,-0.8885,-0.0804,-0.2063
8400.0000,-1.1366,-0.0879,-0.1457
8410.0000,-1.4587,-0.1180,-0.2371
8420.0000,-1.4773,-0.1070,-0.2396
8430.0000,-1.4008,-0.1135,-0.2392
8440.0000,-1.2465,-0.1416,-0.2101
8450.0000,-1.2502,-0.1543,-0.1418
8460.0000,-1.3064,-0.1412,-0.2153
8470.0000,-1.3535,-0.1036,-0.2072
8480.0000,-1.3096,-0.1572,-0.1979
8490.0000,-1.2046,-0.1995,-0.1759
8500.0000,-0.9318,-0.2232,-0.1263
8510.0000,-0.6523,-0.2244,-0.1200
8520.0000,-0.3988,-0.2212,-0.1187
8530.0000,-0.1165,-0.1960,-0.1644
8540.0000,0.0683,-0.1615,-0.1744
8550.0000,0.3162,-0.1517,-0.2080
8560.0000,0.5280,-0.0755,-0.1571
8570.0000,0.7731,-0.0703,-0.1637
8580.0000,0.9827,-0.1199,-0.1305
8590.0000,1.2481,-0.1490,-0.2001
8600.0000,1.3492,-0.0987,-0.2431
8610.0000,1.3166,-0.1331,-0.2207
8620.0000,1.3502,-0.0860,-0.2319
8630.0000,1.6131,-0.0730,-0.2239
8640.0000,1.7467,-0.0082,-0.0727
8650.0000,1.6669,-0.1048,-0.1608
8660.0000,1.7011,-0.0523,-0.1523
8670.0000,1.7043,-0.0433,-0.1417
8680.0000,1.7185,-0.0590,-0.0669
8690.0000,1.5969,-0.1298,-0.0961
8700.0000,1.4516,-0.1356,-0.2119
8710.0000,1.2258,-0.1787,-0.1850
8720.0000,0.9680,-0.1250,-0.2217
8730.0000,0.7340,-0.1796,-0.1818
8740.0000,0.5224,-0.1597,-0.1960
8750.0000,0.2196,-0.1867,-0.1683
8760.0000,0.0207,-0.1115,-0.2308
8770.0000,-0.0629,-0.0203,-0.2566
8780.0000,0.1373,-0.0572,-0.2539
8790.0000,0.3859,0.0135,-0.2512
8800.0000,0.6659,-0.0141,-0.2515
8810.0000,0.9299,0.0602,-0.2462
8820.0000,1.1185,0.0049,-0.1817
8830.0000,1.3509,0.0855,-0.2431
8840.0000,1.3990,0.0175,-0.2650
8850.0000,1.3399,0.0097,-0.2707
8860.0000,1.2492,0.0226,-0.2582
8870.0000,1.1476,-0.0438,-0.2613
8880.0000,1.1044,-0.0019,-0.2570
8890.0000,1.4799,0.0568,-0.2471
8900.0000,1.7203,0.0587,-0.1116
8910.0000,1.7376,-0.0101,-0.0859
8920.0000,1.6757,0.0186,-0.1929
8930.0000,1.6109,-0.0320,-0.2320
8940.0000,1.5538,0.0152,-0.2574
8950.0000,1.4169,-0.0280,-0.2626
8960.0000,1.2211,0.0193,-0.2534
8970.0000,1.0198,0.0695,-0.2346
8980.0000,0.7767,0.0296,-0.2575
8990.0000,0.4903,0.1072,-0.2174
9000.0000,0.2915,0.1542,-0.1974
